"Parámetro","Fecha","Hora","Valor","Unidad"
"VV","2001-08-01","23:00 - 0:00","570.000","m/s"
"VV","2001-08-01","0:00 - 1:00","442.000","m/s"
"VV","2001-08-01","1:00 - 2:00","358.000","m/s"
"VV","2001-08-01","2:00 - 3:00","302.000","m/s"
"VV","2001-08-01","3:00 - 4:00","284.000","m/s"
"VV","2001-08-01","4:00 - 5:00","208.000","m/s"
"VV","2001-08-01","5:00 - 6:00","127.000","m/s"
"VV","2001-08-01","6:00 - 7:00","152.000","m/s"
"VV","2001-08-01","7:00 - 8:00","40.000","m/s"
"VV","2001-08-01","8:00 - 9:00","134.000","m/s"
"VV","2001-08-01","9:00 - 10:00","199.000","m/s"
"VV","2001-08-01","10:00 - 11:00","315.000","m/s"
"VV","2001-08-01","11:00 - 12:00","431.000","m/s"
"VV","2001-08-01","12:00 - 13:00","418.000","m/s"
"VV","2001-08-01","13:00 - 14:00","458.000","m/s"
"VV","2001-08-01","14:00 - 15:00","474.000","m/s"
"VV","2001-08-01","15:00 - 16:00","471.000","m/s"
"VV","2001-08-01","16:00 - 17:00","456.000","m/s"
"VV","2001-08-01","17:00 - 18:00","449.000","m/s"
"VV","2001-08-01","18:00 - 19:00","413.000","m/s"
"VV","2001-08-01","19:00 - 20:00","525.000","m/s"
"VV","2001-08-01","20:00 - 21:00","583.000","m/s"
"VV","2001-08-01","21:00 - 22:00","577.000","m/s"
"VV","2001-08-01","22:00 - 23:00","476.000","m/s"
"VV","2001-08-02","23:00 - 0:00","498.000","m/s"
"VV","2001-08-02","0:00 - 1:00","496.000","m/s"
"VV","2001-08-02","1:00 - 2:00","471.000","m/s"
"VV","2001-08-02","2:00 - 3:00","366.000","m/s"
"VV","2001-08-02","3:00 - 4:00","259.000","m/s"
"VV","2001-08-02","4:00 - 5:00","154.000","m/s"
"VV","2001-08-02","5:00 - 6:00","152.000","m/s"
"VV","2001-08-02","6:00 - 7:00","101.000","m/s"
"VV","2001-08-02","7:00 - 8:00","54.000","m/s"
"VV","2001-08-02","8:00 - 9:00","96.000","m/s"
"VV","2001-08-02","9:00 - 10:00","156.000","m/s"
"VV","2001-08-02","10:00 - 11:00","201.000","m/s"
"VV","2001-08-02","11:00 - 12:00","139.000","m/s"
"VV","2001-08-02","12:00 - 13:00","304.000","m/s"
"VV","2001-08-02","13:00 - 14:00","139.000","m/s"
"VV","2001-08-02","14:00 - 15:00","219.000","m/s"
"VV","2001-08-02","15:00 - 16:00","210.000","m/s"
"VV","2001-08-02","16:00 - 17:00","103.000","m/s"
"VV","2001-08-02","17:00 - 18:00","123.000","m/s"
"VV","2001-08-02","18:00 - 19:00","67.000","m/s"
"VV","2001-08-02","19:00 - 20:00","45.000","m/s"
"VV","2001-08-02","20:00 - 21:00","51.000","m/s"
"VV","2001-08-02","21:00 - 22:00","98.000","m/s"
"VV","2001-08-02","22:00 - 23:00","141.000","m/s"
"VV","2001-08-03","23:00 - 0:00","49.000","m/s"
"VV","2001-08-03","0:00 - 1:00","29.000","m/s"
"VV","2001-08-03","1:00 - 2:00","40.000","m/s"
"VV","2001-08-03","2:00 - 3:00","49.000","m/s"
"VV","2001-08-03","3:00 - 4:00","54.000","m/s"
"VV","2001-08-03","4:00 - 5:00","81.000","m/s"
"VV","2001-08-03","5:00 - 6:00","47.000","m/s"
"VV","2001-08-03","6:00 - 7:00","11.000","m/s"
"VV","2001-08-03","7:00 - 8:00","54.000","m/s"
"VV","2001-08-03","8:00 - 9:00","92.000","m/s"
"VV","2001-08-03","9:00 - 10:00","150.000","m/s"
"VV","2001-08-03","10:00 - 11:00","217.000","m/s"
"VV","2001-08-03","11:00 - 12:00","233.000","m/s"
"VV","2001-08-03","12:00 - 13:00","299.000","m/s"
"VV","2001-08-03","13:00 - 14:00","272.000","m/s"
"VV","2001-08-03","14:00 - 15:00","297.000","m/s"
"VV","2001-08-03","15:00 - 16:00","139.000","m/s"
"VV","2001-08-03","16:00 - 17:00","378.000","m/s"
"VV","2001-08-03","17:00 - 18:00","116.000","m/s"
"VV","2001-08-03","18:00 - 19:00","36.000","m/s"
"VV","2001-08-03","19:00 - 20:00","98.000","m/s"
"VV","2001-08-03","20:00 - 21:00","134.000","m/s"
"VV","2001-08-03","21:00 - 22:00","69.000","m/s"
"VV","2001-08-03","22:00 - 23:00","103.000","m/s"
"VV","2001-08-04","23:00 - 0:00","109.000","m/s"
"VV","2001-08-04","0:00 - 1:00","150.000","m/s"
"VV","2001-08-04","1:00 - 2:00","27.000","m/s"
"VV","2001-08-04","2:00 - 3:00","81.000","m/s"
"VV","2001-08-04","3:00 - 4:00","36.000","m/s"
"VV","2001-08-04","4:00 - 5:00","27.000","m/s"
"VV","2001-08-04","5:00 - 6:00","27.000","m/s"
"VV","2001-08-04","6:00 - 7:00","65.000","m/s"
"VV","2001-08-04","7:00 - 8:00","24.000","m/s"
"VV","2001-08-04","8:00 - 9:00","121.000","m/s"
"VV","2001-08-04","9:00 - 10:00","261.000","m/s"
"VV","2001-08-04","10:00 - 11:00","342.000","m/s"
"VV","2001-08-04","11:00 - 12:00","422.000","m/s"
"VV","2001-08-04","12:00 - 13:00","422.000","m/s"
"VV","2001-08-04","13:00 - 14:00","373.000","m/s"
"VV","2001-08-04","14:00 - 15:00","393.000","m/s"
"VV","2001-08-04","15:00 - 16:00","427.000","m/s"
"VV","2001-08-04","16:00 - 17:00","369.000","m/s"
"VV","2001-08-04","17:00 - 18:00","308.000","m/s"
"VV","2001-08-04","18:00 - 19:00","233.000","m/s"
"VV","2001-08-04","19:00 - 20:00","331.000","m/s"
"VV","2001-08-04","20:00 - 21:00","449.000","m/s"
"VV","2001-08-04","21:00 - 22:00","588.000","m/s"
"VV","2001-08-04","22:00 - 23:00","523.000","m/s"
"VV","2001-08-05","23:00 - 0:00","454.000","m/s"
"VV","2001-08-05","0:00 - 1:00","340.000","m/s"
"VV","2001-08-05","1:00 - 2:00","172.000","m/s"
"VV","2001-08-05","2:00 - 3:00","94.000","m/s"
"VV","2001-08-05","3:00 - 4:00","36.000","m/s"
"VV","2001-08-05","4:00 - 5:00","127.000","m/s"
"VV","2001-08-05","5:00 - 6:00","89.000","m/s"
"VV","2001-08-05","6:00 - 7:00","107.000","m/s"
"VV","2001-08-05","7:00 - 8:00","87.000","m/s"
"VV","2001-08-05","8:00 - 9:00","45.000","m/s"
"VV","2001-08-05","9:00 - 10:00","125.000","m/s"
"VV","2001-08-05","10:00 - 11:00","183.000","m/s"
"VV","2001-08-05","11:00 - 12:00","181.000","m/s"
"VV","2001-08-05","12:00 - 13:00","177.000","m/s"
"VV","2001-08-05","13:00 - 14:00","168.000","m/s"
"VV","2001-08-05","14:00 - 15:00","148.000","m/s"
"VV","2001-08-05","15:00 - 16:00","188.000","m/s"
"VV","2001-08-05","16:00 - 17:00","266.000","m/s"
"VV","2001-08-05","17:00 - 18:00","329.000","m/s"
"VV","2001-08-05","18:00 - 19:00","349.000","m/s"
"VV","2001-08-05","19:00 - 20:00","366.000","m/s"
"VV","2001-08-05","20:00 - 21:00","322.000","m/s"
"VV","2001-08-05","21:00 - 22:00","494.000","m/s"
"VV","2001-08-05","22:00 - 23:00","489.000","m/s"
"VV","2001-08-06","23:00 - 0:00","366.000","m/s"
"VV","2001-08-06","0:00 - 1:00","237.000","m/s"
"VV","2001-08-06","1:00 - 2:00","179.000","m/s"
"VV","2001-08-06","2:00 - 3:00","34.000","m/s"
"VV","2001-08-06","3:00 - 4:00","69.000","m/s"
"VV","2001-08-06","4:00 - 5:00","159.000","m/s"
"VV","2001-08-06","5:00 - 6:00","130.000","m/s"
"VV","2001-08-06","6:00 - 7:00","136.000","m/s"
"VV","2001-08-06","7:00 - 8:00","134.000","m/s"
"VV","2001-08-06","8:00 - 9:00","112.000","m/s"
"VV","2001-08-06","9:00 - 10:00","62.000","m/s"
"VV","2001-08-06","10:00 - 11:00","208.000","m/s"
"VV","2001-08-06","11:00 - 12:00","136.000","m/s"
"VV","2001-08-06","12:00 - 13:00","291.000","m/s"
"VV","2001-08-06","13:00 - 14:00","275.000","m/s"
"VV","2001-08-06","14:00 - 15:00","291.000","m/s"
"VV","2001-08-06","15:00 - 16:00","248.000","m/s"
"VV","2001-08-06","16:00 - 17:00","272.000","m/s"
"VV","2001-08-06","17:00 - 18:00","322.000","m/s"
"VV","2001-08-06","18:00 - 19:00","284.000","m/s"
"VV","2001-08-06","19:00 - 20:00","344.000","m/s"
"VV","2001-08-06","20:00 - 21:00","514.000","m/s"
"VV","2001-08-06","21:00 - 22:00","498.000","m/s"
"VV","2001-08-06","22:00 - 23:00","384.000","m/s"
"VV","2001-08-07","23:00 - 0:00","275.000","m/s"
"VV","2001-08-07","0:00 - 1:00","134.000","m/s"
"VV","2001-08-07","1:00 - 2:00","47.000","m/s"
"VV","2001-08-07","2:00 - 3:00","51.000","m/s"
"VV","2001-08-07","3:00 - 4:00","60.000","m/s"
"VV","2001-08-07","4:00 - 5:00","134.000","m/s"
"VV","2001-08-07","5:00 - 6:00","159.000","m/s"
"VV","2001-08-07","6:00 - 7:00","132.000","m/s"
"VV","2001-08-07","7:00 - 8:00","186.000","m/s"
"VV","2001-08-07","8:00 - 9:00","241.000","m/s"
"VV","2001-08-07","9:00 - 10:00","277.000","m/s"
"VV","2001-08-07","10:00 - 11:00","331.000","m/s"
"VV","2001-08-07","11:00 - 12:00","344.000","m/s"
"VV","2001-08-07","12:00 - 13:00","317.000","m/s"
"VV","2001-08-07","13:00 - 14:00","275.000","m/s"
"VV","2001-08-07","14:00 - 15:00","266.000","m/s"
"VV","2001-08-07","15:00 - 16:00","275.000","m/s"
"VV","2001-08-07","16:00 - 17:00","206.000","m/s"
"VV","2001-08-07","17:00 - 18:00","376.000","m/s"
"VV","2001-08-07","18:00 - 19:00","16.000","m/s"
"VV","2001-08-07","19:00 - 20:00","132.000","m/s"
"VV","2001-08-07","20:00 - 21:00","416.000","m/s"
"VV","2001-08-07","21:00 - 22:00","36.000","m/s"
"VV","2001-08-07","22:00 - 23:00","116.000","m/s"
"VV","2001-08-08","23:00 - 0:00","152.000","m/s"
"VV","2001-08-08","0:00 - 1:00","60.000","m/s"
"VV","2001-08-08","1:00 - 2:00","67.000","m/s"
"VV","2001-08-08","2:00 - 3:00","56.000","m/s"
"VV","2001-08-08","3:00 - 4:00","24.000","m/s"
"VV","2001-08-08","4:00 - 5:00","62.000","m/s"
"VV","2001-08-08","5:00 - 6:00","78.000","m/s"
"VV","2001-08-08","6:00 - 7:00","134.000","m/s"
"VV","2001-08-08","7:00 - 8:00","103.000","m/s"
"VV","2001-08-08","8:00 - 9:00","125.000","m/s"
"VV","2001-08-08","9:00 - 10:00","186.000","m/s"
"VV","2001-08-08","10:00 - 11:00","188.000","m/s"
"VV","2001-08-08","11:00 - 12:00","241.000","m/s"
"VV","2001-08-08","12:00 - 13:00","380.000","m/s"
"VV","2001-08-08","13:00 - 14:00","396.000","m/s"
"VV","2001-08-08","14:00 - 15:00","217.000","m/s"
"VV","2001-08-08","15:00 - 16:00","272.000","m/s"
"VV","2001-08-08","16:00 - 17:00","402.000","m/s"
"VV","2001-08-08","17:00 - 18:00","150.000","m/s"
"VV","2001-08-08","18:00 - 19:00","22.000","m/s"
"VV","2001-08-08","19:00 - 20:00","376.000","m/s"
"VV","2001-08-08","20:00 - 21:00","319.000","m/s"
"VV","2001-08-08","21:00 - 22:00","384.000","m/s"
"VV","2001-08-08","22:00 - 23:00","487.000","m/s"
"VV","2001-08-09","23:00 - 0:00","351.000","m/s"
"VV","2001-08-09","0:00 - 1:00","203.000","m/s"
"VV","2001-08-09","1:00 - 2:00","230.000","m/s"
"VV","2001-08-09","2:00 - 3:00","199.000","m/s"
"VV","2001-08-09","3:00 - 4:00","224.000","m/s"
"VV","2001-08-09","4:00 - 5:00","116.000","m/s"
"VV","2001-08-09","5:00 - 6:00","13.000","m/s"
"VV","2001-08-09","6:00 - 7:00","81.000","m/s"
"VV","2001-08-09","7:00 - 8:00","89.000","m/s"
"VV","2001-08-09","8:00 - 9:00","89.000","m/s"
"VV","2001-08-09","9:00 - 10:00","109.000","m/s"
"VV","2001-08-09","10:00 - 11:00","150.000","m/s"
"VV","2001-08-09","11:00 - 12:00","208.000","m/s"
"VV","2001-08-09","12:00 - 13:00","291.000","m/s"
"VV","2001-08-09","13:00 - 14:00","322.000","m/s"
"VV","2001-08-09","14:00 - 15:00","440.000","m/s"
"VV","2001-08-09","15:00 - 16:00","429.000","m/s"
"VV","2001-08-09","16:00 - 17:00","556.000","m/s"
"VV","2001-08-09","17:00 - 18:00","471.000","m/s"
"VV","2001-08-09","18:00 - 19:00","420.000","m/s"
"VV","2001-08-09","19:00 - 20:00","360.000","m/s"
"VV","2001-08-09","20:00 - 21:00","512.000","m/s"
"VV","2001-08-09","21:00 - 22:00","481.000","m/s"
"VV","2001-08-09","22:00 - 23:00","516.000","m/s"
"VV","2001-08-10","23:00 - 0:00","431.000","m/s"
"VV","2001-08-10","0:00 - 1:00","456.000","m/s"
"VV","2001-08-10","1:00 - 2:00","362.000","m/s"
"VV","2001-08-10","2:00 - 3:00","346.000","m/s"
"VV","2001-08-10","3:00 - 4:00","322.000","m/s"
"VV","2001-08-10","4:00 - 5:00","304.000","m/s"
"VV","2001-08-10","5:00 - 6:00","224.000","m/s"
"VV","2001-08-10","6:00 - 7:00","259.000","m/s"
"VV","2001-08-10","7:00 - 8:00","235.000","m/s"
"VV","2001-08-10","8:00 - 9:00","103.000","m/s"
"VV","2001-08-10","9:00 - 10:00","103.000","m/s"
"VV","2001-08-10","10:00 - 11:00","136.000","m/s"
"VV","2001-08-10","11:00 - 12:00","134.000","m/s"
"VV","2001-08-10","12:00 - 13:00","398.000","m/s"
"VV","2001-08-10","13:00 - 14:00","440.000","m/s"
"VV","2001-08-10","14:00 - 15:00","402.000","m/s"
"VV","2001-08-10","15:00 - 16:00","409.000","m/s"
"VV","2001-08-10","16:00 - 17:00","462.000","m/s"
"VV","2001-08-10","17:00 - 18:00","297.000","m/s"
"VV","2001-08-10","18:00 - 19:00","344.000","m/s"
"VV","2001-08-10","19:00 - 20:00","559.000","m/s"
"VV","2001-08-10","20:00 - 21:00","675.000","m/s"
"VV","2001-08-10","21:00 - 22:00","456.000","m/s"
"VV","2001-08-10","22:00 - 23:00","487.000","m/s"
"VV","2001-08-11","23:00 - 0:00","483.000","m/s"
"VV","2001-08-11","0:00 - 1:00","380.000","m/s"
"VV","2001-08-11","1:00 - 2:00","344.000","m/s"
"VV","2001-08-11","2:00 - 3:00","293.000","m/s"
"VV","2001-08-11","3:00 - 4:00","230.000","m/s"
"VV","2001-08-11","4:00 - 5:00","241.000","m/s"
"VV","2001-08-11","5:00 - 6:00","221.000","m/s"
"VV","2001-08-11","6:00 - 7:00","163.000","m/s"
"VV","2001-08-11","7:00 - 8:00","188.000","m/s"
"VV","2001-08-11","8:00 - 9:00","170.000","m/s"
"VV","2001-08-11","9:00 - 10:00","203.000","m/s"
"VV","2001-08-11","10:00 - 11:00","369.000","m/s"
"VV","2001-08-11","11:00 - 12:00","458.000","m/s"
"VV","2001-08-11","12:00 - 13:00","451.000","m/s"
"VV","2001-08-11","13:00 - 14:00","481.000","m/s"
"VV","2001-08-11","14:00 - 15:00","460.000","m/s"
"VV","2001-08-11","15:00 - 16:00","442.000","m/s"
"VV","2001-08-11","16:00 - 17:00","469.000","m/s"
"VV","2001-08-11","17:00 - 18:00","462.000","m/s"
"VV","2001-08-11","18:00 - 19:00","431.000","m/s"
"VV","2001-08-11","19:00 - 20:00","492.000","m/s"
"VV","2001-08-11","20:00 - 21:00","577.000","m/s"
"VV","2001-08-11","21:00 - 22:00","548.000","m/s"
"VV","2001-08-11","22:00 - 23:00","512.000","m/s"
"VV","2001-08-12","23:00 - 0:00","492.000","m/s"
"VV","2001-08-12","0:00 - 1:00","471.000","m/s"
"VV","2001-08-12","1:00 - 2:00","447.000","m/s"
"VV","2001-08-12","2:00 - 3:00","398.000","m/s"
"VV","2001-08-12","3:00 - 4:00","369.000","m/s"
"VV","2001-08-12","4:00 - 5:00","248.000","m/s"
"VV","2001-08-12","5:00 - 6:00","248.000","m/s"
"VV","2001-08-12","6:00 - 7:00","172.000","m/s"
"VV","2001-08-12","7:00 - 8:00","170.000","m/s"
"VV","2001-08-12","8:00 - 9:00","29.000","m/s"
"VV","2001-08-12","9:00 - 10:00","92.000","m/s"
"VV","2001-08-12","10:00 - 11:00","172.000","m/s"
"VV","2001-08-12","11:00 - 12:00","376.000","m/s"
"VV","2001-08-12","12:00 - 13:00","420.000","m/s"
"VV","2001-08-12","13:00 - 14:00","266.000","m/s"
"VV","2001-08-12","14:00 - 15:00","192.000","m/s"
"VV","2001-08-12","15:00 - 16:00","304.000","m/s"
"VV","2001-08-12","16:00 - 17:00","293.000","m/s"
"VV","2001-08-12","17:00 - 18:00","324.000","m/s"
"VV","2001-08-12","18:00 - 19:00","286.000","m/s"
"VV","2001-08-12","19:00 - 20:00","458.000","m/s"
"VV","2001-08-12","20:00 - 21:00","577.000","m/s"
"VV","2001-08-12","21:00 - 22:00","471.000","m/s"
"VV","2001-08-12","22:00 - 23:00","579.000","m/s"
"VV","2001-08-13","23:00 - 0:00","460.000","m/s"
"VV","2001-08-13","0:00 - 1:00","407.000","m/s"
"VV","2001-08-13","1:00 - 2:00","291.000","m/s"
"VV","2001-08-13","2:00 - 3:00","308.000","m/s"
"VV","2001-08-13","3:00 - 4:00","277.000","m/s"
"VV","2001-08-13","4:00 - 5:00","246.000","m/s"
"VV","2001-08-13","5:00 - 6:00","224.000","m/s"
"VV","2001-08-13","6:00 - 7:00","116.000","m/s"
"VV","2001-08-13","7:00 - 8:00","42.000","m/s"
"VV","2001-08-13","8:00 - 9:00","81.000","m/s"
"VV","2001-08-13","9:00 - 10:00","81.000","m/s"
"VV","2001-08-13","10:00 - 11:00","127.000","m/s"
"VV","2001-08-13","11:00 - 12:00","201.000","m/s"
"VV","2001-08-13","12:00 - 13:00","411.000","m/s"
"VV","2001-08-13","13:00 - 14:00","346.000","m/s"
"VV","2001-08-13","14:00 - 15:00","358.000","m/s"
"VV","2001-08-13","15:00 - 16:00","404.000","m/s"
"VV","2001-08-13","16:00 - 17:00","469.000","m/s"
"VV","2001-08-13","17:00 - 18:00","391.000","m/s"
"VV","2001-08-13","18:00 - 19:00","376.000","m/s"
"VV","2001-08-13","19:00 - 20:00","532.000","m/s"
"VV","2001-08-13","20:00 - 21:00","606.000","m/s"
"VV","2001-08-13","21:00 - 22:00","436.000","m/s"
"VV","2001-08-13","22:00 - 23:00","543.000","m/s"
"VV","2001-08-14","23:00 - 0:00","568.000","m/s"
"VV","2001-08-14","0:00 - 1:00","440.000","m/s"
"VV","2001-08-14","1:00 - 2:00","299.000","m/s"
"VV","2001-08-14","2:00 - 3:00","246.000","m/s"
"VV","2001-08-14","3:00 - 4:00","206.000","m/s"
"VV","2001-08-14","4:00 - 5:00","139.000","m/s"
"VV","2001-08-14","5:00 - 6:00","105.000","m/s"
"VV","2001-08-14","6:00 - 7:00","148.000","m/s"
"VV","2001-08-14","7:00 - 8:00","92.000","m/s"
"VV","2001-08-14","8:00 - 9:00","101.000","m/s"
"VV","2001-08-14","9:00 - 10:00","141.000","m/s"
"VV","2001-08-14","10:00 - 11:00","143.000","m/s"
"VV","2001-08-14","11:00 - 12:00","324.000","m/s"
"VV","2001-08-14","12:00 - 13:00","454.000","m/s"
"VV","2001-08-14","13:00 - 14:00","474.000","m/s"
"VV","2001-08-14","14:00 - 15:00","442.000","m/s"
"VV","2001-08-14","15:00 - 16:00","396.000","m/s"
"VV","2001-08-14","16:00 - 17:00","308.000","m/s"
"VV","2001-08-14","17:00 - 18:00","407.000","m/s"
"VV","2001-08-14","18:00 - 19:00","304.000","m/s"
"VV","2001-08-14","19:00 - 20:00","319.000","m/s"
"VV","2001-08-14","20:00 - 21:00","512.000","m/s"
"VV","2001-08-14","21:00 - 22:00","516.000","m/s"
"VV","2001-08-14","22:00 - 23:00","541.000","m/s"
"VV","2001-08-15","23:00 - 0:00","498.000","m/s"
"VV","2001-08-15","0:00 - 1:00","342.000","m/s"
"VV","2001-08-15","1:00 - 2:00","284.000","m/s"
"VV","2001-08-15","2:00 - 3:00","255.000","m/s"
"VV","2001-08-15","3:00 - 4:00","152.000","m/s"
"VV","2001-08-15","4:00 - 5:00","58.000","m/s"
"VV","2001-08-15","5:00 - 6:00","101.000","m/s"
"VV","2001-08-15","6:00 - 7:00","62.000","m/s"
"VV","2001-08-15","7:00 - 8:00","87.000","m/s"
"VV","2001-08-15","8:00 - 9:00","136.000","m/s"
"VV","2001-08-15","9:00 - 10:00","132.000","m/s"
"VV","2001-08-15","10:00 - 11:00","239.000","m/s"
"VV","2001-08-15","11:00 - 12:00","429.000","m/s"
"VV","2001-08-15","12:00 - 13:00","485.000","m/s"
"VV","2001-08-15","13:00 - 14:00","402.000","m/s"
"VV","2001-08-15","14:00 - 15:00","291.000","m/s"
"VV","2001-08-15","15:00 - 16:00","306.000","m/s"
"VV","2001-08-15","16:00 - 17:00","338.000","m/s"
"VV","2001-08-15","17:00 - 18:00","293.000","m/s"
"VV","2001-08-15","18:00 - 19:00","217.000","m/s"
"VV","2001-08-15","19:00 - 20:00","163.000","m/s"
"VV","2001-08-15","20:00 - 21:00","159.000","m/s"
"VV","2001-08-15","21:00 - 22:00","54.000","m/s"
"VV","2001-08-15","22:00 - 23:00","224.000","m/s"
"VV","2001-08-16","23:00 - 0:00","199.000","m/s"
"VV","2001-08-16","0:00 - 1:00","168.000","m/s"
"VV","2001-08-16","1:00 - 2:00","172.000","m/s"
"VV","2001-08-16","2:00 - 3:00","159.000","m/s"
"VV","2001-08-16","3:00 - 4:00","235.000","m/s"
"VV","2001-08-16","4:00 - 5:00","201.000","m/s"
"VV","2001-08-16","5:00 - 6:00","148.000","m/s"
"VV","2001-08-16","6:00 - 7:00","134.000","m/s"
"VV","2001-08-16","7:00 - 8:00","121.000","m/s"
"VV","2001-08-16","8:00 - 9:00","127.000","m/s"
"VV","2001-08-16","9:00 - 10:00","174.000","m/s"
"VV","2001-08-16","10:00 - 11:00","150.000","m/s"
"VV","2001-08-16","11:00 - 12:00","364.000","m/s"
"VV","2001-08-16","12:00 - 13:00","460.000","m/s"
"VV","2001-08-16","13:00 - 14:00","407.000","m/s"
"VV","2001-08-16","14:00 - 15:00","456.000","m/s"
"VV","2001-08-16","15:00 - 16:00","574.000","m/s"
"VV","2001-08-16","16:00 - 17:00","512.000","m/s"
"VV","2001-08-16","17:00 - 18:00","471.000","m/s"
"VV","2001-08-16","18:00 - 19:00","449.000","m/s"
"VV","2001-08-16","19:00 - 20:00","418.000","m/s"
"VV","2001-08-16","20:00 - 21:00","675.000","m/s"
"VV","2001-08-16","21:00 - 22:00","697.000","m/s"
"VV","2001-08-16","22:00 - 23:00","677.000","m/s"
"VV","2001-08-17","23:00 - 0:00","554.000","m/s"
"VV","2001-08-17","0:00 - 1:00","409.000","m/s"
"VV","2001-08-17","1:00 - 2:00","376.000","m/s"
"VV","2001-08-17","2:00 - 3:00","391.000","m/s"
"VV","2001-08-17","3:00 - 4:00","304.000","m/s"
"VV","2001-08-17","4:00 - 5:00","261.000","m/s"
"VV","2001-08-17","5:00 - 6:00","235.000","m/s"
"VV","2001-08-17","6:00 - 7:00","163.000","m/s"
"VV","2001-08-17","7:00 - 8:00","54.000","m/s"
"VV","2001-08-17","8:00 - 9:00","87.000","m/s"
"VV","2001-08-17","9:00 - 10:00","141.000","m/s"
"VV","2001-08-17","10:00 - 11:00","241.000","m/s"
"VV","2001-08-17","11:00 - 12:00","407.000","m/s"
"VV","2001-08-17","12:00 - 13:00","462.000","m/s"
"VV","2001-08-17","13:00 - 14:00","469.000","m/s"
"VV","2001-08-17","14:00 - 15:00","447.000","m/s"
"VV","2001-08-17","15:00 - 16:00","541.000","m/s"
"VV","2001-08-17","16:00 - 17:00","572.000","m/s"
"VV","2001-08-17","17:00 - 18:00","581.000","m/s"
"VV","2001-08-17","18:00 - 19:00","514.000","m/s"
"VV","2001-08-17","19:00 - 20:00","476.000","m/s"
"VV","2001-08-17","20:00 - 21:00","548.000","m/s"
"VV","2001-08-17","21:00 - 22:00","648.000","m/s"
"VV","2001-08-17","22:00 - 23:00","548.000","m/s"
"VV","2001-08-18","23:00 - 0:00","469.000","m/s"
"VV","2001-08-18","0:00 - 1:00","402.000","m/s"
"VV","2001-08-18","1:00 - 2:00","378.000","m/s"
"VV","2001-08-18","2:00 - 3:00","288.000","m/s"
"VV","2001-08-18","3:00 - 4:00","275.000","m/s"
"VV","2001-08-18","4:00 - 5:00","235.000","m/s"
"VV","2001-08-18","5:00 - 6:00","186.000","m/s"
"VV","2001-08-18","6:00 - 7:00","183.000","m/s"
"VV","2001-08-18","7:00 - 8:00","224.000","m/s"
"VV","2001-08-18","8:00 - 9:00","127.000","m/s"
"VV","2001-08-18","9:00 - 10:00","141.000","m/s"
"VV","2001-08-18","10:00 - 11:00","181.000","m/s"
"VV","2001-08-18","11:00 - 12:00","233.000","m/s"
"VV","2001-08-18","12:00 - 13:00","261.000","m/s"
"VV","2001-08-18","13:00 - 14:00","266.000","m/s"
"VV","2001-08-18","14:00 - 15:00","239.000","m/s"
"VV","2001-08-18","15:00 - 16:00","284.000","m/s"
"VV","2001-08-18","16:00 - 17:00","228.000","m/s"
"VV","2001-08-18","17:00 - 18:00","199.000","m/s"
"VV","2001-08-18","18:00 - 19:00","118.000","m/s"
"VV","2001-08-18","19:00 - 20:00","353.000","m/s"
"VV","2001-08-18","20:00 - 21:00","548.000","m/s"
"VV","2001-08-18","21:00 - 22:00","512.000","m/s"
"VV","2001-08-18","22:00 - 23:00","474.000","m/s"
"VV","2001-08-19","23:00 - 0:00","297.000","m/s"
"VV","2001-08-19","0:00 - 1:00","362.000","m/s"
"VV","2001-08-19","1:00 - 2:00","346.000","m/s"
"VV","2001-08-19","2:00 - 3:00","340.000","m/s"
"VV","2001-08-19","3:00 - 4:00","288.000","m/s"
"VV","2001-08-19","4:00 - 5:00","145.000","m/s"
"VV","2001-08-19","5:00 - 6:00","47.000","m/s"
"VV","2001-08-19","6:00 - 7:00","62.000","m/s"
"VV","2001-08-19","7:00 - 8:00","78.000","m/s"
"VV","2001-08-19","8:00 - 9:00","67.000","m/s"
"VV","2001-08-19","9:00 - 10:00","85.000","m/s"
"VV","2001-08-19","10:00 - 11:00","181.000","m/s"
"VV","2001-08-19","11:00 - 12:00","284.000","m/s"
"VV","2001-08-19","12:00 - 13:00","369.000","m/s"
"VV","2001-08-19","13:00 - 14:00","358.000","m/s"
"VV","2001-08-19","14:00 - 15:00","400.000","m/s"
"VV","2001-08-19","15:00 - 16:00","344.000","m/s"
"VV","2001-08-19","16:00 - 17:00","404.000","m/s"
"VV","2001-08-19","17:00 - 18:00","270.000","m/s"
"VV","2001-08-19","18:00 - 19:00","250.000","m/s"
"VV","2001-08-19","19:00 - 20:00","550.000","m/s"
"VV","2001-08-19","20:00 - 21:00","532.000","m/s"
"VV","2001-08-19","21:00 - 22:00","127.000","m/s"
"VV","2001-08-19","22:00 - 23:00","233.000","m/s"
"VV","2001-08-20","23:00 - 0:00","89.000","m/s"
"VV","2001-08-20","0:00 - 1:00","49.000","m/s"
"VV","2001-08-20","1:00 - 2:00","186.000","m/s"
"VV","2001-08-20","2:00 - 3:00","203.000","m/s"
"VV","2001-08-20","3:00 - 4:00","174.000","m/s"
"VV","2001-08-20","4:00 - 5:00","16.000","m/s"
"VV","2001-08-20","5:00 - 6:00","105.000","m/s"
"VV","2001-08-20","6:00 - 7:00","92.000","m/s"
"VV","2001-08-20","7:00 - 8:00","125.000","m/s"
"VV","2001-08-20","8:00 - 9:00","152.000","m/s"
"VV","2001-08-20","9:00 - 10:00","136.000","m/s"
"VV","2001-08-20","10:00 - 11:00","252.000","m/s"
"VV","2001-08-20","11:00 - 12:00","282.000","m/s"
"VV","2001-08-20","12:00 - 13:00","340.000","m/s"
"VV","2001-08-20","13:00 - 14:00","460.000","m/s"
"VV","2001-08-20","14:00 - 15:00","471.000","m/s"
"VV","2001-08-20","15:00 - 16:00","489.000","m/s"
"VV","2001-08-20","16:00 - 17:00","498.000","m/s"
"VV","2001-08-20","17:00 - 18:00","407.000","m/s"
"VV","2001-08-20","18:00 - 19:00","329.000","m/s"
"VV","2001-08-20","19:00 - 20:00","387.000","m/s"
"VV","2001-08-20","20:00 - 21:00","338.000","m/s"
"VV","2001-08-20","21:00 - 22:00","402.000","m/s"
"VV","2001-08-20","22:00 - 23:00","279.000","m/s"
"VV","2001-08-21","23:00 - 0:00","172.000","m/s"
"VV","2001-08-21","0:00 - 1:00","228.000","m/s"
"VV","2001-08-21","1:00 - 2:00","261.000","m/s"
"VV","2001-08-21","2:00 - 3:00","259.000","m/s"
"VV","2001-08-21","3:00 - 4:00","268.000","m/s"
"VV","2001-08-21","4:00 - 5:00","279.000","m/s"
"VV","2001-08-21","5:00 - 6:00","239.000","m/s"
"VV","2001-08-21","6:00 - 7:00","217.000","m/s"
"VV","2001-08-21","7:00 - 8:00","203.000","m/s"
"VV","2001-08-21","8:00 - 9:00","136.000","m/s"
"VV","2001-08-21","9:00 - 10:00","212.000","m/s"
"VV","2001-08-21","10:00 - 11:00","293.000","m/s"
"VV","2001-08-21","11:00 - 12:00","299.000","m/s"
"VV","2001-08-21","12:00 - 13:00","429.000","m/s"
"VV","2001-08-21","13:00 - 14:00","447.000","m/s"
"VV","2001-08-21","14:00 - 15:00","465.000","m/s"
"VV","2001-08-21","15:00 - 16:00","371.000","m/s"
"VV","2001-08-21","16:00 - 17:00","362.000","m/s"
"VV","2001-08-21","17:00 - 18:00","378.000","m/s"
"VV","2001-08-21","18:00 - 19:00","272.000","m/s"
"VV","2001-08-21","19:00 - 20:00","451.000","m/s"
"VV","2001-08-21","20:00 - 21:00","380.000","m/s"
"VV","2001-08-21","21:00 - 22:00","409.000","m/s"
"VV","2001-08-21","22:00 - 23:00","483.000","m/s"
"VV","2001-08-22","23:00 - 0:00","462.000","m/s"
"VV","2001-08-22","0:00 - 1:00","239.000","m/s"
"VV","2001-08-22","1:00 - 2:00","241.000","m/s"
"VV","2001-08-22","2:00 - 3:00","181.000","m/s"
"VV","2001-08-22","3:00 - 4:00","172.000","m/s"
"VV","2001-08-22","4:00 - 5:00","159.000","m/s"
"VV","2001-08-22","5:00 - 6:00","139.000","m/s"
"VV","2001-08-22","6:00 - 7:00","123.000","m/s"
"VV","2001-08-22","7:00 - 8:00","130.000","m/s"
"VV","2001-08-22","8:00 - 9:00","98.000","m/s"
"VV","2001-08-22","9:00 - 10:00","83.000","m/s"
"VV","2001-08-22","10:00 - 11:00","199.000","m/s"
"VV","2001-08-22","11:00 - 12:00","279.000","m/s"
"VV","2001-08-22","12:00 - 13:00","329.000","m/s"
"VV","2001-08-22","13:00 - 14:00","418.000","m/s"
"VV","2001-08-22","14:00 - 15:00","362.000","m/s"
"VV","2001-08-22","15:00 - 16:00","378.000","m/s"
"VV","2001-08-22","16:00 - 17:00","364.000","m/s"
"VV","2001-08-22","17:00 - 18:00","431.000","m/s"
"VV","2001-08-22","18:00 - 19:00","523.000","m/s"
"VV","2001-08-22","19:00 - 20:00","731.000","m/s"
"VV","2001-08-22","20:00 - 21:00","675.000","m/s"
"VV","2001-08-22","21:00 - 22:00","637.000","m/s"
"VV","2001-08-22","22:00 - 23:00","603.000","m/s"
"VV","2001-08-23","23:00 - 0:00","518.000","m/s"
"VV","2001-08-23","0:00 - 1:00","407.000","m/s"
"VV","2001-08-23","1:00 - 2:00","393.000","m/s"
"VV","2001-08-23","2:00 - 3:00","288.000","m/s"
"VV","2001-08-23","3:00 - 4:00","219.000","m/s"
"VV","2001-08-23","4:00 - 5:00","244.000","m/s"
"VV","2001-08-23","5:00 - 6:00","156.000","m/s"
"VV","2001-08-23","6:00 - 7:00","76.000","m/s"
"VV","2001-08-23","7:00 - 8:00","96.000","m/s"
"VV","2001-08-23","8:00 - 9:00","125.000","m/s"
"VV","2001-08-23","9:00 - 10:00","181.000","m/s"
"VV","2001-08-23","10:00 - 11:00","411.000","m/s"
"VV","2001-08-23","11:00 - 12:00","545.000","m/s"
"VV","2001-08-23","12:00 - 13:00","505.000","m/s"
"VV","2001-08-23","13:00 - 14:00","512.000","m/s"
"VV","2001-08-23","14:00 - 15:00","561.000","m/s"
"VV","2001-08-23","15:00 - 16:00","503.000","m/s"
"VV","2001-08-23","16:00 - 17:00","487.000","m/s"
"VV","2001-08-23","17:00 - 18:00","460.000","m/s"
"VV","2001-08-23","18:00 - 19:00","369.000","m/s"
"VV","2001-08-23","19:00 - 20:00","641.000","m/s"
"VV","2001-08-23","20:00 - 21:00","704.000","m/s"
"VV","2001-08-23","21:00 - 22:00","715.000","m/s"
"VV","2001-08-23","22:00 - 23:00","581.000","m/s"
"VV","2001-08-24","23:00 - 0:00","581.000","m/s"
"VV","2001-08-24","0:00 - 1:00","552.000","m/s"
"VV","2001-08-24","1:00 - 2:00","440.000","m/s"
"VV","2001-08-24","2:00 - 3:00","342.000","m/s"
"VV","2001-08-24","3:00 - 4:00","255.000","m/s"
"VV","2001-08-24","4:00 - 5:00","214.000","m/s"
"VV","2001-08-24","5:00 - 6:00","154.000","m/s"
"VV","2001-08-24","6:00 - 7:00","168.000","m/s"
"VV","2001-08-24","7:00 - 8:00","136.000","m/s"
"VV","2001-08-24","8:00 - 9:00","123.000","m/s"
"VV","2001-08-24","9:00 - 10:00","107.000","m/s"
"VV","2001-08-24","10:00 - 11:00","150.000","m/s"
"VV","2001-08-24","11:00 - 12:00","366.000","m/s"
"VV","2001-08-24","12:00 - 13:00","503.000","m/s"
"VV","2001-08-24","13:00 - 14:00","434.000","m/s"
"VV","2001-08-24","14:00 - 15:00","438.000","m/s"
"VV","2001-08-24","15:00 - 16:00","478.000","m/s"
"VV","2001-08-24","16:00 - 17:00","404.000","m/s"
"VV","2001-08-24","17:00 - 18:00","478.000","m/s"
"VV","2001-08-24","18:00 - 19:00","442.000","m/s"
"VV","2001-08-24","19:00 - 20:00","512.000","m/s"
"VV","2001-08-24","20:00 - 21:00","668.000","m/s"
"VV","2001-08-24","21:00 - 22:00","498.000","m/s"
"VV","2001-08-24","22:00 - 23:00","559.000","m/s"
"VV","2001-08-25","23:00 - 0:00","496.000","m/s"
"VV","2001-08-25","0:00 - 1:00","387.000","m/s"
"VV","2001-08-25","1:00 - 2:00","335.000","m/s"
"VV","2001-08-25","2:00 - 3:00","317.000","m/s"
"VV","2001-08-25","3:00 - 4:00","206.000","m/s"
"VV","2001-08-25","4:00 - 5:00","170.000","m/s"
"VV","2001-08-25","5:00 - 6:00","174.000","m/s"
"VV","2001-08-25","6:00 - 7:00","174.000","m/s"
"VV","2001-08-25","7:00 - 8:00","233.000","m/s"
"VV","2001-08-25","8:00 - 9:00","190.000","m/s"
"VV","2001-08-25","9:00 - 10:00","308.000","m/s"
"VV","2001-08-25","10:00 - 11:00","476.000","m/s"
"VV","2001-08-25","11:00 - 12:00","494.000","m/s"
"VV","2001-08-25","12:00 - 13:00","606.000","m/s"
"VV","2001-08-25","13:00 - 14:00","671.000","m/s"
"VV","2001-08-25","14:00 - 15:00","608.000","m/s"
"VV","2001-08-25","15:00 - 16:00","503.000","m/s"
"VV","2001-08-25","16:00 - 17:00","505.000","m/s"
"VV","2001-08-25","17:00 - 18:00","494.000","m/s"
"VV","2001-08-25","18:00 - 19:00","431.000","m/s"
"VV","2001-08-25","19:00 - 20:00","545.000","m/s"
"VV","2001-08-25","20:00 - 21:00","427.000","m/s"
"VV","2001-08-25","21:00 - 22:00","456.000","m/s"
"VV","2001-08-25","22:00 - 23:00","516.000","m/s"
"VV","2001-08-26","23:00 - 0:00","478.000","m/s"
"VV","2001-08-26","0:00 - 1:00","371.000","m/s"
"VV","2001-08-26","1:00 - 2:00","355.000","m/s"
"VV","2001-08-26","2:00 - 3:00","331.000","m/s"
"VV","2001-08-26","3:00 - 4:00","241.000","m/s"
"VV","2001-08-26","4:00 - 5:00","272.000","m/s"
"VV","2001-08-26","5:00 - 6:00","217.000","m/s"
"VV","2001-08-26","6:00 - 7:00","168.000","m/s"
"VV","2001-08-26","7:00 - 8:00","103.000","m/s"
"VV","2001-08-26","8:00 - 9:00","42.000","m/s"
"VV","2001-08-26","9:00 - 10:00","42.000","m/s"
"VV","2001-08-26","10:00 - 11:00","362.000","m/s"
"VV","2001-08-26","11:00 - 12:00","447.000","m/s"
"VV","2001-08-26","12:00 - 13:00","521.000","m/s"
"VV","2001-08-26","13:00 - 14:00","532.000","m/s"
"VV","2001-08-26","14:00 - 15:00","528.000","m/s"
"VV","2001-08-26","15:00 - 16:00","483.000","m/s"
"VV","2001-08-26","16:00 - 17:00","483.000","m/s"
"VV","2001-08-26","17:00 - 18:00","487.000","m/s"
"VV","2001-08-26","18:00 - 19:00","409.000","m/s"
"VV","2001-08-26","19:00 - 20:00","588.000","m/s"
"VV","2001-08-26","20:00 - 21:00","749.000","m/s"
"VV","2001-08-26","21:00 - 22:00","673.000","m/s"
"VV","2001-08-26","22:00 - 23:00","563.000","m/s"
"VV","2001-08-27","23:00 - 0:00","503.000","m/s"
"VV","2001-08-27","0:00 - 1:00","409.000","m/s"
"VV","2001-08-27","1:00 - 2:00","349.000","m/s"
"VV","2001-08-27","2:00 - 3:00","340.000","m/s"
"VV","2001-08-27","3:00 - 4:00","355.000","m/s"
"VV","2001-08-27","4:00 - 5:00","322.000","m/s"
"VV","2001-08-27","5:00 - 6:00","272.000","m/s"
"VV","2001-08-27","6:00 - 7:00","259.000","m/s"
"VV","2001-08-27","7:00 - 8:00","217.000","m/s"
"VV","2001-08-27","8:00 - 9:00","188.000","m/s"
"VV","2001-08-27","9:00 - 10:00","246.000","m/s"
"VV","2001-08-27","10:00 - 11:00","355.000","m/s"
"VV","2001-08-27","11:00 - 12:00","411.000","m/s"
"VV","2001-08-27","12:00 - 13:00","425.000","m/s"
"VV","2001-08-27","13:00 - 14:00","398.000","m/s"
"VV","2001-08-27","14:00 - 15:00","469.000","m/s"
"VV","2001-08-27","15:00 - 16:00","523.000","m/s"
"VV","2001-08-27","16:00 - 17:00","487.000","m/s"
"VV","2001-08-27","17:00 - 18:00","429.000","m/s"
"VV","2001-08-27","18:00 - 19:00","396.000","m/s"
"VV","2001-08-27","19:00 - 20:00","299.000","m/s"
"VV","2001-08-27","20:00 - 21:00","127.000","m/s"
"VV","2001-08-27","21:00 - 22:00","255.000","m/s"
"VV","2001-08-27","22:00 - 23:00","326.000","m/s"
"VV","2001-08-28","23:00 - 0:00","458.000","m/s"
"VV","2001-08-28","0:00 - 1:00","449.000","m/s"
"VV","2001-08-28","1:00 - 2:00","384.000","m/s"
"VV","2001-08-28","2:00 - 3:00","335.000","m/s"
"VV","2001-08-28","3:00 - 4:00","159.000","m/s"
"VV","2001-08-28","4:00 - 5:00","163.000","m/s"
"VV","2001-08-28","5:00 - 6:00","246.000","m/s"
"VV","2001-08-28","6:00 - 7:00","248.000","m/s"
"VV","2001-08-28","7:00 - 8:00","228.000","m/s"
"VV","2001-08-28","8:00 - 9:00","317.000","m/s"
"VV","2001-08-28","9:00 - 10:00","266.000","m/s"
"VV","2001-08-28","10:00 - 11:00","333.000","m/s"
"VV","2001-08-28","11:00 - 12:00","362.000","m/s"
"VV","2001-08-28","12:00 - 13:00","304.000","m/s"
"VV","2001-08-28","13:00 - 14:00","165.000","m/s"
"VV","2001-08-28","14:00 - 15:00","308.000","m/s"
"VV","2001-08-28","15:00 - 16:00","407.000","m/s"
"VV","2001-08-28","16:00 - 17:00","545.000","m/s"
"VV","2001-08-28","17:00 - 18:00","539.000","m/s"
"VV","2001-08-28","18:00 - 19:00","498.000","m/s"
"VV","2001-08-28","19:00 - 20:00","445.000","m/s"
"VV","2001-08-28","20:00 - 21:00","404.000","m/s"
"VV","2001-08-28","21:00 - 22:00","353.000","m/s"
"VV","2001-08-28","22:00 - 23:00","317.000","m/s"
"VV","2001-08-29","23:00 - 0:00","107.000","m/s"
"VV","2001-08-29","0:00 - 1:00","230.000","m/s"
"VV","2001-08-29","1:00 - 2:00","272.000","m/s"
"VV","2001-08-29","2:00 - 3:00","241.000","m/s"
"VV","2001-08-29","3:00 - 4:00","139.000","m/s"
"VV","2001-08-29","4:00 - 5:00","132.000","m/s"
"VV","2001-08-29","5:00 - 6:00","103.000","m/s"
"VV","2001-08-29","6:00 - 7:00","121.000","m/s"
"VV","2001-08-29","7:00 - 8:00","92.000","m/s"
"VV","2001-08-29","8:00 - 9:00","116.000","m/s"
"VV","2001-08-29","9:00 - 10:00","125.000","m/s"
"VV","2001-08-29","10:00 - 11:00","217.000","m/s"
"VV","2001-08-29","11:00 - 12:00","259.000","m/s"
"VV","2001-08-29","12:00 - 13:00","217.000","m/s"
"VV","2001-08-29","13:00 - 14:00","183.000","m/s"
"VV","2001-08-29","14:00 - 15:00","161.000","m/s"
"VV","2001-08-29","15:00 - 16:00","183.000","m/s"
"VV","2001-08-29","16:00 - 17:00","203.000","m/s"
"VV","2001-08-29","17:00 - 18:00","277.000","m/s"
"VV","2001-08-29","18:00 - 19:00","559.000","m/s"
"VV","2001-08-29","19:00 - 20:00","246.000","m/s"
"VV","2001-08-29","20:00 - 21:00","145.000","m/s"
"VV","2001-08-29","21:00 - 22:00","56.000","m/s"
"VV","2001-08-29","22:00 - 23:00","92.000","m/s"
"VV","2001-08-30","23:00 - 0:00","199.000","m/s"
"VV","2001-08-30","0:00 - 1:00","152.000","m/s"
"VV","2001-08-30","1:00 - 2:00","121.000","m/s"
"VV","2001-08-30","2:00 - 3:00","65.000","m/s"
"VV","2001-08-30","3:00 - 4:00","134.000","m/s"
"VV","2001-08-30","4:00 - 5:00","7.000","m/s"
"VV","2001-08-30","5:00 - 6:00","27.000","m/s"
"VV","2001-08-30","6:00 - 7:00","105.000","m/s"
"VV","2001-08-30","7:00 - 8:00","114.000","m/s"
"VV","2001-08-30","8:00 - 9:00","134.000","m/s"
"VV","2001-08-30","9:00 - 10:00","94.000","m/s"
"VV","2001-08-30","10:00 - 11:00","109.000","m/s"
"VV","2001-08-30","11:00 - 12:00","89.000","m/s"
"VV","2001-08-30","12:00 - 13:00","116.000","m/s"
"VV","2001-08-30","13:00 - 14:00","76.000","m/s"
"VV","2001-08-30","14:00 - 15:00","233.000","m/s"
"VV","2001-08-30","15:00 - 16:00","181.000","m/s"
"VV","2001-08-30","16:00 - 17:00","71.000","m/s"
"VV","2001-08-30","17:00 - 18:00","141.000","m/s"
"VV","2001-08-30","18:00 - 19:00","101.000","m/s"
"VV","2001-08-30","19:00 - 20:00","156.000","m/s"
"VV","2001-08-30","20:00 - 21:00","101.000","m/s"
"VV","2001-08-30","21:00 - 22:00","92.000","m/s"
"VV","2001-08-30","22:00 - 23:00","125.000","m/s"
"VV","2001-08-31","23:00 - 0:00","58.000","m/s"
"VV","2001-08-31","0:00 - 1:00","16.000","m/s"
"VV","2001-08-31","1:00 - 2:00","47.000","m/s"
"VV","2001-08-31","2:00 - 3:00","27.000","m/s"
"VV","2001-08-31","3:00 - 4:00","123.000","m/s"
"VV","2001-08-31","4:00 - 5:00","38.000","m/s"
"VV","2001-08-31","5:00 - 6:00","4.000","m/s"
"VV","2001-08-31","6:00 - 7:00","76.000","m/s"
"VV","2001-08-31","7:00 - 8:00","13.000","m/s"
"VV","2001-08-31","8:00 - 9:00","109.000","m/s"
"VV","2001-08-31","9:00 - 10:00","130.000","m/s"
"VV","2001-08-31","10:00 - 11:00","60.000","m/s"
"VV","2001-08-31","11:00 - 12:00","118.000","m/s"
"VV","2001-08-31","12:00 - 13:00","76.000","m/s"
"VV","2001-08-31","13:00 - 14:00","165.000","m/s"
"VV","2001-08-31","15:00 - 16:00","163.000","m/s"
"VV","2001-08-31","16:00 - 17:00","114.000","m/s"
"VV","2001-08-31","17:00 - 18:00","230.000","m/s"
"VV","2001-08-31","18:00 - 19:00","85.000","m/s"
"VV","2001-08-31","19:00 - 20:00","65.000","m/s"
"VV","2001-08-31","20:00 - 21:00","45.000","m/s"
"VV","2001-08-31","21:00 - 22:00","78.000","m/s"
"VV","2001-08-31","22:00 - 23:00","16.000","m/s"
"VV","2001-09-01","23:00 - 0:00","67.000","m/s"
"VV","2001-09-01","0:00 - 1:00","85.000","m/s"
"VV","2001-09-01","1:00 - 2:00","71.000","m/s"
"VV","2001-09-01","2:00 - 3:00","4.000","m/s"
"VV","2001-09-01","3:00 - 4:00","40.000","m/s"
"VV","2001-09-01","4:00 - 5:00","65.000","m/s"
"VV","2001-09-01","5:00 - 6:00","22.000","m/s"
"VV","2001-09-01","6:00 - 7:00","4.000","m/s"
"VV","2001-09-01","7:00 - 8:00","42.000","m/s"
"VV","2001-09-01","8:00 - 9:00","143.000","m/s"
"VV","2001-09-01","9:00 - 10:00","134.000","m/s"
"VV","2001-09-01","10:00 - 11:00","94.000","m/s"
"VV","2001-09-01","11:00 - 12:00","152.000","m/s"
"VV","2001-09-01","12:00 - 13:00","181.000","m/s"
"VV","2001-09-01","13:00 - 14:00","163.000","m/s"
"VV","2001-09-01","14:00 - 15:00","391.000","m/s"
"VV","2001-09-01","15:00 - 16:00","512.000","m/s"
"VV","2001-09-01","16:00 - 17:00","563.000","m/s"
"VV","2001-09-01","17:00 - 18:00","219.000","m/s"
"VV","2001-09-01","18:00 - 19:00","306.000","m/s"
"VV","2001-09-01","19:00 - 20:00","103.000","m/s"
"VV","2001-09-01","20:00 - 21:00","45.000","m/s"
"VV","2001-09-01","21:00 - 22:00","29.000","m/s"
"VV","2001-09-01","22:00 - 23:00","54.000","m/s"